name: emapper
channels:
  - bioconda
  - defaults
  - conda-forge
dependencies:
  - _libgcc_mutex=0.1=conda_forge
  - _openmp_mutex=4.5=2_gnu
  - aria2=1.37.0=h347180d_1
  - biopython=1.83=py312h98912ed_0
  - blast=2.14.1=pl5321h6f7f691_0
  - bzip2=1.0.8=hd590300_5
  - c-ares=1.25.0=hd590300_0
  - ca-certificates=2023.12.12=h06a4308_0
  - curl=8.5.0=hca28451_0
  - diamond=2.1.8=h43eeafb_0
  - easel=0.49=h031d066_0
  - eggnog-mapper=2.1.12=pyhdfd78af_0
  - entrez-direct=16.2=he881be0_1
  - gawk=5.3.0=ha916aea_0
  - gettext=0.21.1=h27087fc_0
  - gmp=6.3.0=h59595ed_0
  - hmmer=3.4=hdbdd923_0
  - icu=73.2=h59595ed_0
  - keyutils=1.6.1=h166bdaf_0
  - krb5=1.21.2=h659d440_0
  - ld_impl_linux-64=2.40=h41732ed_0
  - libblas=3.9.0=20_linux64_openblas
  - libcblas=3.9.0=20_linux64_openblas
  - libcurl=8.5.0=hca28451_0
  - libedit=3.1.20191231=he28a2e2_2
  - libev=4.33=hd590300_2
  - libexpat=2.5.0=hcb278e6_1
  - libffi=3.4.2=h7f98852_5
  - libgcc-ng=13.2.0=h807b86a_3
  - libgfortran-ng=13.2.0=h69a702a_3
  - libgfortran5=13.2.0=ha4646dd_3
  - libgomp=13.2.0=h807b86a_3
  - libiconv=1.17=hd590300_2
  - libidn2=2.3.4=h166bdaf_0
  - liblapack=3.9.0=20_linux64_openblas
  - libnghttp2=1.58.0=h47da74e_1
  - libnsl=2.0.1=hd590300_0
  - libopenblas=0.3.25=pthreads_h413a1c8_0
  - libsqlite=3.44.2=h2797004_0
  - libssh2=1.11.0=h0841786_0
  - libstdcxx-ng=13.2.0=h7e041cc_3
  - libunistring=0.9.10=h7f98852_0
  - libuuid=2.38.1=h0b41bf4_0
  - libxcrypt=4.4.36=hd590300_1
  - libxml2=2.12.4=h232c23b_1
  - libzlib=1.2.13=hd590300_5
  - mmseqs2=15.6f452=pl5321h6a68c12_0
  - mpfr=4.2.1=h9458935_0
  - ncbi-vdb=3.0.0=pl5321h87f3376_0
  - ncurses=6.4=h59595ed_2
  - numpy=1.26.3=py312heda63a1_0
  - openssl=3.2.0=hd590300_1
  - pcre=8.45=h9c3ff4c_0
  - perl=5.32.1=7_hd590300_perl5
  - perl-archive-tar=2.40=pl5321hdfd78af_0
  - perl-carp=1.38=pl5321hdfd78af_4
  - perl-common-sense=3.75=pl5321hdfd78af_0
  - perl-compress-raw-bzip2=2.201=pl5321h87f3376_1
  - perl-compress-raw-zlib=2.105=pl5321h87f3376_0
  - perl-encode=3.19=pl5321hec16e2b_1
  - perl-exporter=5.72=pl5321hdfd78af_2
  - perl-exporter-tiny=1.002002=pl5321hdfd78af_0
  - perl-extutils-makemaker=7.70=pl5321hd8ed1ab_0
  - perl-io-compress=2.201=pl5321hdbdd923_2
  - perl-io-zlib=1.14=pl5321hdfd78af_0
  - perl-json=4.10=pl5321hdfd78af_0
  - perl-json-xs=2.34=pl5321h4ac6f70_6
  - perl-list-moreutils=0.430=pl5321hdfd78af_0
  - perl-list-moreutils-xs=0.430=pl5321h031d066_2
  - perl-parent=0.236=pl5321hdfd78af_2
  - perl-pathtools=3.75=pl5321hec16e2b_3
  - perl-scalar-list-utils=1.62=pl5321hec16e2b_1
  - perl-types-serialiser=1.01=pl5321hdfd78af_0
  - pip=23.3.2=pyhd8ed1ab_0
  - prodigal=2.6.3=h031d066_7
  - psutil=5.9.7=py312h98912ed_0
  - python=3.12.1=hab00c5b_1_cpython
  - python_abi=3.12=4_cp312
  - readline=8.2=h8228510_1
  - seqkit=2.6.1=h9ee0642_0
  - setuptools=69.0.3=pyhd8ed1ab_0
  - tk=8.6.13=noxft_h4845f30_101
  - tzdata=2023d=h0c530f3_0
  - wget=1.20.3=ha35d2d1_1
  - wheel=0.42.0=pyhd8ed1ab_0
  - xlsxwriter=3.1.9=pyhd8ed1ab_0
  - xz=5.2.6=h166bdaf_0
  - zlib=1.2.13=hd590300_5
  - zstd=1.5.5=hfc55251_0
